mode=2D
type=helmert
tx=-139.523326
ty=-144.509257
scale=0.000336
rotation=-0.000047
cx=412437.674500
cy=6323566.132234
